2	2
4	2
5	2
6	2
8	2
10	2
12	2
13	2
15	2
18	2
20	2
21	2
22	2
25	2
27	2
28	2
31	2
33	2
34	2
35	2
36	2
37	2
38	2
42	2
43	2
44	2
45	2
46	2
49	2
50	2
54	2
59	2
62	2
64	2
67	2
68	2
71	2
74	2
75	2
76	2
77	2
80	2
81	2
83	2
84	2
87	2
88	2
89	2
90	2
92	2
93	2
95	2
96	2
97	2
98	2
100	2
107	2
116	2
120	2
121	2
123	2
126	2
131	2
132	2
136	2
138	2
141	2
144	2
145	2
146	2
150	2
152	2
154	2
163	2
164	2
165	2
167	2
169	2
171	2
172	2
173	2
174	2
175	2
176	2
177	2
180	2
183	2
188	2
193	2
194	2
195	2
196	2
197	2
199	2
201	2
202	2
203	2
205	2
206	2
208	2
212	2
213	2
214	2
216	2
217	2
218	2
220	2
221	2
225	2
226	2
227	2
229	2
232	2
233	2
234	2
236	2
238	2
243	2
244	2
245	2
246	2
247	2
250	2
251	2
252	2
254	2
255	2
258	2
260	2
261	2
269	2
275	2
277	2
278	2
279	2
280	2
281	2
282	2
283	2
284	2
287	2
290	2
291	2
293	2
298	2
299	2
300	2
301	2
302	2
303	2
308	2
309	2
312	2
325	2
330	2
331	2
332	2
333	2
335	2
337	2
339	2
343	2
344	2
345	2
347	2
348	2
350	2
355	2
356	2
359	2
364	2
366	2
370	2
371	2
374	2
377	2
379	2
387	2
389	2
395	2
396	2
398	2
402	2
2	13
12	13
14	13
16	13
18	13
19	13
21	13
27	13
28	13
31	13
33	13
34	13
35	13
37	13
38	13
42	13
43	13
44	13
45	13
46	13
49	13
50	13
54	13
59	13
64	13
67	13
68	13
74	13
76	13
80	13
84	13
87	13
88	13
89	13
90	13
92	13
94	13
95	13
96	13
97	13
98	13
99	13
100	13
107	13
109	13
113	13
116	13
117	13
120	13
123	13
126	13
130	13
131	13
132	13
136	13
138	13
140	13
144	13
146	13
152	13
154	13
164	13
169	13
172	13
174	13
175	13
176	13
177	13
180	13
194	13
195	13
197	13
198	13
205	13
208	13
212	13
215	13
216	13
217	13
218	13
225	13
226	13
227	13
229	13
231	13
232	13
233	13
234	13
238	13
244	13
246	13
247	13
249	13
250	13
254	13
255	13
258	13
263	13
268	13
275	13
278	13
279	13
282	13
284	13
288	13
290	13
291	13
293	13
296	13
298	13
299	13
301	13
302	13
303	13
308	13
312	13
320	13
322	13
325	13
331	13
332	13
335	13
350	13
356	13
366	13
367	13
370	13
371	13
374	13
380	13
382	13
389	13
390	13
392	13
394	13
396	13
397	13
401	13
402	13
2	3
4	3
18	3
21	3
27	3
28	3
31	3
34	3
35	3
37	3
38	3
42	3
43	3
44	3
45	3
46	3
49	3
50	3
61	3
62	3
64	3
67	3
68	3
71	3
72	3
76	3
83	3
84	3
87	3
91	3
92	3
96	3
97	3
98	3
99	3
100	3
101	3
107	3
108	3
114	3
126	3
130	3
141	3
144	3
145	3
146	3
147	3
153	3
154	3
168	3
169	3
171	3
175	3
177	3
178	3
180	3
183	3
193	3
194	3
196	3
200	3
213	3
218	3
227	3
228	3
229	3
231	3
232	3
236	3
241	3
244	3
248	3
250	3
251	3
254	3
257	3
261	3
264	3
271	3
273	3
279	3
282	3
283	3
291	3
296	3
300	3
308	3
319	3
320	3
322	3
325	3
331	3
332	3
342	3
347	3
350	3
356	3
358	3
369	3
371	3
374	3
383	3
386	3
388	3
396	3
402	3
9	7
10	7
18	7
21	7
26	7
27	7
28	7
31	7
32	7
38	7
42	7
43	7
45	7
56	7
57	7
62	7
63	7
64	7
65	7
66	7
69	7
70	7
75	7
82	7
84	7
85	7
90	7
96	7
97	7
98	7
111	7
118	7
119	7
122	7
124	7
129	7
148	7
149	7
150	7
155	7
156	7
157	7
158	7
159	7
160	7
177	7
179	7
184	7
189	7
191	7
209	7
218	7
220	7
229	7
241	7
264	7
265	7
286	7
292	7
302	7
308	7
309	7
313	7
316	7
317	7
318	7
335	7
338	7
347	7
349	7
351	7
354	7
373	7
374	7
375	7
378	7
384	7
2	12
4	12
12	12
14	12
17	12
18	12
21	12
23	12
24	12
29	12
37	12
39	12
40	12
44	12
45	12
50	12
51	12
60	12
61	12
67	12
72	12
73	12
86	12
88	12
89	12
92	12
99	12
102	12
103	12
104	12
106	12
121	12
126	12
128	12
131	12
132	12
136	12
137	12
143	12
150	12
151	12
152	12
161	12
162	12
164	12
166	12
176	12
177	12
180	12
182	12
188	12
194	12
199	12
200	12
206	12
210	12
211	12
212	12
213	12
216	12
218	12
219	12
224	12
227	12
229	12
232	12
238	12
242	12
244	12
246	12
251	12
252	12
254	12
260	12
261	12
262	12
264	12
267	12
274	12
275	12
283	12
284	12
289	12
291	12
293	12
297	12
305	12
308	12
310	12
311	12
312	12
314	12
315	12
321	12
323	12
324	12
326	12
331	12
340	12
352	12
353	12
357	12
359	12
360	12
361	12
366	12
368	12
374	12
376	12
379	12
391	12
393	12
396	12
5	1
18	1
21	1
27	1
31	1
37	1
38	1
42	1
43	1
44	1
45	1
54	1
61	1
62	1
64	1
65	1
66	1
67	1
71	1
84	1
88	1
90	1
92	1
95	1
96	1
98	1
100	1
110	1
116	1
129	1
134	1
150	1
172	1
177	1
180	1
193	1
194	1
201	1
202	1
208	1
213	1
218	1
220	1
227	1
229	1
232	1
246	1
275	1
282	1
293	1
296	1
302	1
308	1
312	1
313	1
316	1
317	1
318	1
325	1
327	1
328	1
329	1
330	1
338	1
345	1
346	1
347	1
351	1
354	1
355	1
362	1
363	1
366	1
372	1
374	1
375	1
378	1
381	1
384	1
385	1
386	1
387	1
402	1
1	15
11	15
20	15
21	15
22	15
25	15
28	15
30	15
31	15
38	15
42	15
43	15
44	15
47	15
49	15
54	15
55	15
61	15
62	15
64	15
71	15
78	15
84	15
98	15
119	15
126	15
135	15
150	15
152	15
168	15
178	15
181	15
186	15
187	15
190	15
192	15
202	15
207	15
211	15
229	15
235	15
236	15
240	15
241	15
242	15
244	15
251	15
256	15
257	15
259	15
266	15
272	15
276	15
281	15
285	15
294	15
296	15
304	15
305	15
306	15
307	15
310	15
320	15
327	15
328	15
329	15
339	15
345	15
346	15
355	15
360	15
362	15
363	15
365	15
372	15
385	15
396	15
5	16
17	16
18	16
19	16
21	16
29	16
42	16
43	16
47	16
48	16
52	16
53	16
54	16
55	16
64	16
75	16
77	16
79	16
93	16
94	16
97	16
98	16
115	16
125	16
141	16
144	16
172	16
177	16
193	16
194	16
217	16
222	16
223	16
226	16
227	16
228	16
253	16
282	16
286	16
295	16
301	16
305	16
342	16
343	16
346	16
371	16
374	16
387	16
394	16
402	16
403	16
5	17
18	17
27	17
35	17
42	17
43	17
75	17
76	17
84	17
90	17
112	17
147	17
150	17
177	17
213	17
227	17
241	17
254	17
284	17
287	17
296	17
308	17
309	17
331	17
335	17
399	17
2	4
5	4
18	4
20	4
21	4
27	4
28	4
31	4
42	4
44	4
45	4
46	4
64	4
67	4
71	4
75	4
76	4
83	4
84	4
90	4
92	4
96	4
98	4
107	4
130	4
133	4
136	4
150	4
171	4
175	4
177	4
193	4
195	4
204	4
227	4
229	4
246	4
250	4
251	4
270	4
282	4
287	4
308	4
331	4
345	4
350	4
402	4
1	6
5	6
11	6
12	6
20	6
21	6
22	6
25	6
28	6
30	6
31	6
34	6
35	6
38	6
42	6
43	6
44	6
47	6
49	6
50	6
54	6
55	6
61	6
62	6
64	6
68	6
71	6
72	6
75	6
78	6
83	6
84	6
98	6
100	6
105	6
107	6
119	6
125	6
126	6
132	6
135	6
138	6
142	6
150	6
152	6
153	6
154	6
164	6
168	6
170	6
176	6
177	6
178	6
181	6
183	6
186	6
187	6
190	6
192	6
194	6
199	6
202	6
207	6
211	6
213	6
229	6
235	6
236	6
240	6
241	6
242	6
244	6
251	6
256	6
257	6
259	6
266	6
270	6
271	6
272	6
276	6
281	6
283	6
285	6
294	6
296	6
304	6
305	6
306	6
307	6
308	6
310	6
312	6
320	6
327	6
328	6
329	6
339	6
341	6
343	6
345	6
346	6
355	6
356	6
358	6
360	6
362	6
363	6
365	6
372	6
374	6
385	6
387	6
396	6
400	6
403	6
12	10
44	10
46	10
107	10
127	10
138	10
139	10
150	10
154	10
176	10
177	10
180	10
194	10
199	10
202	10
246	10
249	10
251	10
281	10
284	10
312	10
320	10
339	10
374	10
385	10
